10014835
100384
1004
100427
100431
100460
1005
10059688
100598
10103488
10107
101237
10130754
101349
101351
1015
10154248
1016
101863
10198038
10198186
102124
10219459
10219532
10219970
10220083
102302
102571803
10261259
10262421
10265589
10330128
10331572
1034
10351876
10372
10374782
10375338
10375416
10375719
10400369
10422256
10422621
10442640
104781
104817
104885
104962
104993
105
105047
1051
1053
10541
1055
105820
106
106625
107155
107699
107737
107744
10778625
107909
107980
10898921
10921447
10933597
10943314
10955453
10964403
10987940
10997850
11008747
11016
11020078
11031538
110397
110532
110710
11085347
11085481
11094579
11127644
11139603
11147437
11165593
112018
11207678
11242245
11242708
11275743
11276402
11287340
11288209
11321202
11344592
11357019
1137
114256
114257
114261
114509
114513
11458565
114636
114691
11470070
114756
11481364
11482650
114861
11492994
114989
115123
115298
11550267
11558354
11629817
116387
11658394
11672960
11698
117171
117441
11746707
117690
117780
11816380
11819124
118796916
118926
118987337
119044
119105
119401
11949961
119559
11987823
11988266
120197
12029255
120321
120332
120333
120334
120335
120420
12054
120825
120985
1216
121947
122179
122184355
122250
122271
122331
122357
12241336
12241338
122606445
122873
123046
123165
123342
123414
123732
123874
123912
124576
12482992
12496115
12519
12541
12549197
12573
12573513
125799
12585494
12625404
12653237
12654651
126573
126582
12671
126713382
12671872
12673
12679
12685
126892
12691392
12691406
126997
12730175
12730177
127415
127766
12793
12795583
12844541
129317
12958
12959
129734664
129746463
129747846
12977
129771637
12978473
129813795
129852664
130021
13021075
13128691
13130
13134
13139
13209642
13210
13282
13397950
134205
13459336
13511151
13526
135342
135437
135451578
135495920
135504827
136094
136108
136191
136203
136238
136260
136280
136305
136382
136483
136643
13675
13676
136851
136869
136939
13708
13709
13721
13725115
138036
13818
138652
13869
138843
138929
139353
139566
139599
139787
139853
139888
14017
14028
14028521
140379
140428
140518
14056322
14122812
141561
141621
14169491
141910
14210
14226801
142563
142604
14294502
143061
143062
143340
14345805
143550
143774
14459
144783
14481
144845
145288
14541446
145657
145658
145983
14787578
14842361
14892896
14984422
150
150629
15066
15067
150950
151020
151104
151144
151185
151187
151197
15157
15158
152119
15608185
15737842
15786925
16131072
16213399
1629
16422
165212
16703323
16706833
167254
16737
168140
1682
170990
17168
17303
17304
17305
17345
17522
17580
17612
17717
17759041
18065
182032
1854
186
18682
18908
19016
190278
190999
1950
19657
197063
1982
19883
201241
201362
20278734
20299129
205862
208
20965
2115
2141
216
216064
216711
21803
2207
23356115
23415768
23426
24267
24387
24613
24614
24779944
24813
2526
25815
25843
2730
2733289
2734136
278
28213
292336
2927
296260
296996
301283
3034435
30709
3073
3080588
3081365
3082
31200
3122
31354
31435
316380
32739
328228
339
3415
3418
34488
3496
36106
37490
378
3857
4096
4118228
4130
4184170
4186632
4312
44405134
4571928
4618
466
46900406
4790
4794
4797
5139911
517954
520014
520177
521290
5230
5242667
529
536199
53770155
53876261
538967
54446102
54514218
5453
54543462
546
5521
57095246
572
57318291
58303797
587
58788805
59
59116626
59116627
5936
5958
59896759
61194
61195
61245
61246
61681
61759
62432
62519
62665
6327678
64505
654
6543
655
65566
659905
66180
66304
668
669
67197672
67334365
67724596
67752
68789566
69500944
69610
69611
69639
69898
69936
69954
69973
69990
70090
70596
71112
71343987
71482
724
729
72904
7305
7328
73905
73906
73909
73910
74150
74232
74799
754
75508
75652
75654
75780
75917
76768
76818
76872
77622
77716
78439
7871
792
79727
80052
81087
8264
8293
8297
84775
85471
87048
87064362
88170031
89155862
9038
9039
90724458
90826826
90931493
91037073
91091054
91174747
91655
91664
9272
9274
9298
93502
9477
96198
96271
96668
9738
97571
98611
99156
99269